pre_ddlrs
DomainFamily	lt_0.1	lt_0.2	lt_0.3	lt_0.4	lt_0.5	lt_0.6	lt_0.7	lt_0.8	lt_0.9	lt_1.0
ZNF91	0	4	5	5	7	10	13	16	20	44
ZNF558	0	0	0	2	2	2	2	4	4	17
ZNF468	0	0	0	0	3	3	4	5	6	22
ZNF611	0	0	1	2	5	5	8	12	13	29
ZNF679	0	1	2	3	4	4	5	5	5	15
ZNF764	0	0	2	3	3	4	4	4	4	9

post_ddlrs
DomainFamily	lt_0.1	lt_0.2	lt_0.3	lt_0.4	lt_0.5	lt_0.6	lt_0.7	lt_0.8	lt_0.9	lt_1.0
ZNF91	1	1	1	4	4	11	12	13	18	199
ZNF558	0	0	0	0	0	0	0	0	0	114
ZNF468	0	0	0	0	0	1	3	4	4	149
ZNF611	0	0	0	0	0	1	1	1	2	246
ZNF679	0	0	0	0	0	0	0	0	1	108
ZNF764	0	0	0	0	0	0	0	0	0	78

pre_mb
DomainFamily	lt_0.1	lt_0.2	lt_0.3	lt_0.4	lt_0.5	lt_0.6	lt_0.7	lt_0.8	lt_0.9	lt_1.0
ZNF91	6	12	19	27	31	34	38	46	51	82
ZNF558	1	2	4	6	7	8	9	10	13	25
ZNF468	3	7	9	15	16	16	17	25	32	45
ZNF611	11	16	18	20	25	28	29	29	33	46
ZNF679	2	8	11	13	13	13	16	18	18	28
ZNF764	1	1	3	4	4	5	6	6	7	11

post_mb
DomainFamily	lt_0.1	lt_0.2	lt_0.3	lt_0.4	lt_0.5	lt_0.6	lt_0.7	lt_0.8	lt_0.9	lt_1.0
ZNF91	0	13	15	17	17	17	17	19	20	161
ZNF558	0	1	7	11	12	15	20	20	24	106
ZNF468	1	6	14	19	19	20	22	24	25	126
ZNF611	11	24	28	36	38	43	46	52	60	229
ZNF679	1	7	9	14	17	18	19	21	22	95
ZNF764	0	7	12	15	15	18	19	22	24	76
